(theory
 (("scratch" "1615446793" "334089") ("indexedLists" "1615446927" "569934")
  ("patternMatches" "1615446938" "389955"))
 (core-data
  (tables
   (string-table "list" "min" "fun" "bool" "num" "option" "!" "arithmetic"
    "-" "/\\" "0" "prim_rec" "<" "=" "==>" "?" "BIT1" "BIT2" "CONS"
    "scratch" "Forall" "Forall2" "LENGTH" "MAP" "NIL" "NONE" "NUMERAL"
    "SOME" "SUC" "ZERO" "\\/" "classical" "computable" "evaluates"
    "functional" "normalizes" "nth_error" "option_CASE" "rcomp" "reducible"
    "stepFunction" "terminatesOn" "~" "Forall_def" "Forall2_def"
    "terminatesOn_def" "evaluates_def" "size_induction" "nth_error_ind"
    "nth_error_compute" "nth_error_lt_Some" "nth_error_Some_lt"
    "nth_error_map" "Forall_rules" "Forall_ind" "Forall_strongind"
    "Forall_cases" "Forall_map" "computable_classical" "Forall2_rules"
    "Forall2_ind" "Forall2_strongind" "Forall2_cases" "Forall2_impl"
    "terminatesOn_rules" "terminatesOn_ind" "terminatesOn_strongind"
    "terminatesOn_cases" "evaluates_rules" "evaluates_ind"
    "evaluates_strongind" "evaluates_cases" "evaluates_fun"
    "irred_evaluates_refl" "normalizes_terminates0" "numeral" "sat" "pair"
    "relation" "combin")
   (id-table (0 . 0) (1 . 2) (1 . 3) (4 . 4) (5 . 5) (3 . 6) (7 . 8)
    (3 . 9) (4 . 10) (11 . 12) (1 . 13) (1 . 14) (3 . 15) (7 . 16) (7 . 17)
    (0 . 18) (19 . 20) (19 . 21) (0 . 22) (0 . 23) (0 . 24) (5 . 25)
    (7 . 26) (5 . 27) (4 . 28) (7 . 29) (3 . 30) (19 . 31) (19 . 32)
    (19 . 33) (19 . 34) (19 . 35) (19 . 36) (5 . 37) (19 . 38) (19 . 39)
    (19 . 40) (19 . 41) (3 . 42))
   (type-table "'a" (0 0) "'b" (0 2) (2) (1 1 4) (1 3 4) (1 1 6) (1 2 4)
    (1 0 8) (1 9 7) (1 0 4) (3) (1 12 5) (1 0 11) "'c" (1 15 4) (1 0 16)
    (1 15 8) (1 0 2) (1 0 12) (4 2) (1 0 21) (1 2 0) (1 14 11) (1 11 4)
    (1 8 4) (1 16 4) (1 19 4) (1 28 4) (1 25 4) (1 14 4) (1 31 4) (1 9 4)
    (1 33 4) (1 17 4) (1 35 4) (1 20 4) (1 37 4) (1 22 4) (1 39 4) (1 23 4)
    (1 41 4) (1 18 4) (1 43 4) (1 24 4) (1 45 4) (1 10 4) (1 47 4) (1 5 4)
    (1 49 4) (1 13 4) (1 51 4) (1 6 4) (1 12 4) (1 54 4) (1 12 12)
    (1 12 56) (1 4 4) (1 4 58) (1 12 54) (1 2 8) (1 11 5) (1 62 4)
    (1 62 63) (1 24 45) (1 14 14) (1 66 4) (1 66 67) (1 10 47) (1 1 5)
    (1 3 6) (4 0) (1 72 4) (1 72 73) (1 21 4) (1 21 75) (1 1 1) (1 0 77)
    (1 3 3) (1 2 79) (1 8 6) (1 1 12) (1 1 3) (1 19 83) (1 3 1) (1 23 85)
    (1 0 72) (1 2 21) (1 1 72) (1 12 89) (1 3 21) (1 12 91) (1 4 26)
    (1 21 93) (1 17 43) (1 2 95) (1 0 96) (1 9 11) (1 9 39))
   (term-table ("A" 1) ("A" 3) ("B" 3) ("Forall'" 5) ("Forall2'" 10)
    ("H" 1) ("P" 11) ("P" 13) ("P1" 9) ("P2" 9) ("R" 14) ("R" 9) ("R" 17)
    ("S" 18) ("a" 2) ("a0" 0) ("a0" 14) ("a0" 9) ("a0" 1) ("a1" 0) ("a1" 1)
    ("a2" 3) ("b" 0) ("evaluates'" 14) ("f" 19) ("f" 20) ("f" 22) ("f" 23)
    ("h" 0) ("l" 1) ("l'" 3) ("n" 12) ("p" 11) ("s" 0) ("t" 1)
    ("terminatesOn'" 24) ("v" 12) ("v0" 1) ("v1" 0) ("v1" 1) ("v2" 12)
    ("x" 0) ("x" 2) ("x" 15) ("x'" 0) ("x'" 2) ("y" 0) ("y" 2) ("y" 15)
    ("y'" 2) ("z" 0) ("z" 2) (5 25) (5 26) (5 27) (5 29) (5 30) (5 32)
    (5 34) (5 36) (5 38) (5 40) (5 42) (5 44) (5 46) (5 48) (5 50) (5 52)
    (5 49) (5 53) (5 55) (6 57) (7 59) (8 12) (9 60) (10 14) (10 61)
    (10 59) (10 64) (10 65) (10 68) (10 69) (10 70) (10 71) (10 74) (10 76)
    (11 59) (12 25) (12 26) (12 27) (12 40) (12 49) (12 53) (13 56) (14 56)
    (15 78) (15 80) (16 62) (16 81) (17 10) (18 82) (19 84) (19 86) (20 1)
    (20 3) (21 72) (22 56) (23 87) (23 88) (24 56) (25 12) (26 59) (27 33)
    (28 33) (29 66) (30 31) (30 33) (31 24) (32 90) (32 92) (33 94) (34 97)
    (35 24) (35 98) (36 99) (37 24) (38 58))) exports (nil) (nil)
  ((43 (((19 9)))
    ("%97%6%18%3%18$0%103B82%41%29$2$1$0B95B82$1u5$0u3B72B72|U91|U87B111$0u1B86|U68$1u0B86|U66||B78"))
   (38 (((19 15)))
    ("%41%51%12%13$3$2B121$1@$0@%48$4$0b2$0$3b1B72|U89B77|U63|U59|U53|U52"))
   (39 (((19 16))) ("%11%41$1$0B123%45$1$0b2|U88B77|U52|U58"))
   (34 (((19 17)))
    ("%11$0U116%41%47%49$2$1b3$2$0b3$1$0B76B86B86|U53|U53|U52B77|U58"))
   (40 (((19 18)))
    ("%11%26$1$0B124%41$0u1%47$1$0b3U126|U53B120%47$1$0b3|@|U52B77|U61|U58"))
   (32 (((19 19))) ("%11$0U113%26$1$0B124|U90B77|U58"))
   (31 (((19 20))) ("%11$0U112%33$1$0B123$1$0B123U126B111|U52B77|U58"))
   (44 (((19 22)))
    ("%99%17%20%21%4%17%20%21$1%103B82$0%104B83B72%41%47%29%30$5$3$1B95B82$4$2$0B96B83$3$2b6$6$1b7$0@B72B72B72|U92|U91|U88|U87B111$2$1b3$0@B86|U69|U68|U58$3$2b0$1@B86|U65|||B81"))
   (45 (((19 28)))
    ("%125%16%19%35%16%19%44$1$0b2$2$0b3B86|U52$1$0b2B86|U52|U57$2$1b0B86|U64||B79"))
   (46 (((19 33)))
    ("%114%10%15%19%23%15%19$0$1B75$5$1B122U126B72%46$2$0b6$0$1b3B72|U87B111$1$0b2B86|U52|U52$2$1b0B86|U57|||B80"))
   (35 (((19 38))) ("%10%41$1$0B117%46$2$1B114$0@|U87B77|U52|U57"))
   (47
    (((19 0) (7 24 25 43 48 61 76 98 183 190)
      (3 14 25 26 27 35 52 53 57 62 95 100 103 104 124) (4 9) (75 3 8)
      (11 6) (76 1 3 5 6 7 11 13 14 15 17 18)) "DISK_THM")
    ("%25%32%41%46$0u3$1u3B74$0u2B86|U52$0u1B86|U52%41$0u1|U52B86|U56|U60"))
   (48
    (((19 3) (7 24 25 28 61 76 183 190)
      (3 25 26 35 46 47 52 53 57 62 71 75 76 77 79 103) (0 55) (75 3 8)
      (77 5 7 8 16) (11 42) (78 114 126 128) (76 1 3 5 6 7 11 12 13 14 15))
     "DISK_THM")
    ("%7%28%37%73$1$0B95b2|U68|U52%31%38%34$2$0b3$2U109$1$0B95b3B86|U68|U52|U70%40$0%103b1|U70B72B72%36%39$1$0b2|U68|U70B86|U67"))
   (36
    (((19 4) (7 14 24 25 61 76 183 190) (3 15 25 35 53 57 62 103) (79 20)
      (0 6) (75 3 8) (77 7 8 16 49) (11 42) (78 126 128 134 139) (19 1 2))
     "DISK_THM")
    ("%37%28%73$0$1B95B118$0U107B84|U52|U68%38%34%31$0U109$2$1B95B118$0$1B118B84|U70|U68|U52%40$0%103B118%105B84|U70B72B72"))
   (49
    (((19 5) (7 14 24 25 61 76 183 190 281) (3 15 25 26 35 42 53 57 62 103)
      (79 20) (0 6) (75 3 8) (77 7 8 16 49) (11 42) (78 126 128 134 139)
      (19 1 2)) "DISK_THM")
    ("%37%28%73$0$1B95B118$0U107B84|U52|U68%38%34%31$0U93U106$2$1B95B118$0U93U106%110U93U106B71$1B118B84|U70|U68|U52%38%34%31$0U94U106$2$1B95B118$0U93U106$1B118B84|U70|U68|U52%40$0%103B118%105B84|U70B72B72B72"))
   (50
    (((19 6) (7 14 24 25 61 69 76 93 183 190)
      (3 14 15 25 26 27 35 52 53 54 55 57 62 72 73 74 103 104 124) (79 20)
      (0 6 18 24 52 146) (4 9) (75 3 8) (5 11) (77 7 8 16 49) (11 6 7 42)
      (78 126 128 134 139) (76 1 3 5 6 7 11 14 17 18 19 20 23) (19 1 2))
     "DISK_THM") ("%31%5$1$0U100B74%41$2$1B118$0U107B84|U87B86|U68|U70"))
   (51
    (((19 7) (7 14 24 25 48 61 69 76 93 98 183 190)
      (3 14 15 25 26 27 35 52 53 57 62 85 103 104 124 140) (79 20)
      (0 6 24 52) (4 9) (75 3 8) (5 11 12) (77 7 8 16 49) (11 42)
      (78 126 128 134 139) (19 1 2)) "DISK_THM")
    ("%31%5%41$2$1B118$0U107B84$2$1U100B74B86|U52|U68|U70"))
   (52
    (((19 8) (7 14 24 25 61 76 183 190)
      (3 14 15 25 26 27 35 52 53 55 57 62 103 104 124 143) (79 20)
      (0 6 25 52) (4 9) (75 3 8) (5 11 12) (77 7 8 16 49) (11 42)
      (78 126 128 134 139) (19 1 2)) "DISK_THM")
    ("%31%5%14%24$3$0$2B101B119$1U108B85%22$4$3B118$0U107B84$2$0u1B76B72|U87B86|U55|U53|U68|U70"))
   (53 (((19 10) (3 14 25 26 52 132 133 138) (19 9)) "DISK_THM")
    ("%6$0%103B97%41%29$1u2$2$0B97B72$2$1$0B95B97B86|U68|U52B72|U56"))
   (54 (((19 11) (3 14 25 26 52 132 133 138) (19 9)) "DISK_THM")
    ("%6%3%103u0%41%29$1u3$0u2B72$1$0B95u2B86|U68|U52B72%18$2$0B97$0u1B86|U68B86|U66|U56"))
   (55 (((19 12) (3 14 25 26 52 132 133 138) (19 9)) "DISK_THM")
    ("%6%3%103u0%41%29$1u3$3$0B97$0u2B72B72$1$0B95u2B86|U68|U52B72%18$2$0B97$0u1B86|U68B86|U66|U56"))
   (56 (((19 13) (3 14 25 26 52 132 133 138) (19 9)) "DISK_THM")
    ("%6%18$1$0B97$0%103B82%41%29$2$1$0B95B82$1u3$3$0B97B72B72|U91|U87B111B77|U68|U56"))
   (57
    (((19 14) (3 14 25 26 50 52 57 62 104 124 132 133 138) (0 25)
      (19 9 12)) "DISK_THM")
    ("%32%27%43%1%42$0u3u4|$0B98$3$2$0B102B97B86|U69|U54|U62|U56"))
   (58 (((19 21) (3 25 29 35 52 57 62 104 124) (19 19 20)) "DISK_THM")
    ("%11U113%11U112B86"))
   (59 (((19 23) (3 14 25 26 52 132 133 138) (19 22)) "DISK_THM")
    ("%11$0%103B99%104@|U58%41%47%29%30%11$4$3b0$0$2B99$1@B72$0$4$2B95B99$3$1B96@B86|U58|U69|U68|U53|U52B72"))
   (60 (((19 24) (3 14 25 26 52 132 133 138) (19 22)) "DISK_THM")
    ("%4%11$0%103b1%104@|U58%41%47%29%30%11$4$3b0$0$2b5$1@B72$0$4$2B95b5$3$1B96@B86|U58|U69|U68|U53|U52B72%17%20%21$2$1B99$0@$2$1b3$0@B86|U69|U68|U58B86|U65"))
   (61 (((19 25) (3 14 25 26 52 132 133 138) (19 22)) "DISK_THM")
    ("%4%11$0%103b1%104@|U58%41%47%29%30%11$4$3b0$0$2B99$1@$0$2b5$1@B72B72$0$4$2B95b5$3$1B96@B86|U58|U69|U68|U53|U52B72%17%20%21$2$1B99$0@$2$1b3$0@B86|U69|U68|U58B86|U65"))
   (62 (((19 26) (3 14 25 26 52 132 133 138) (19 22)) "DISK_THM")
    ("%17%20%21$2$1B99$0@$1%103B82$0%104B83B72%41%47%29%30$5$3$1B95B82$4$2$0B96B83$3$2b6$6$1B99$0@B72B72B72|U92|U91|U88|U87B111B77|U69|U68|U58"))
   (63
    (((19 27) (3 14 25 26 35 50 52 57 62 104 124 132 133 138)
      (76 1 3 5 6 7 11 14 15) (19 22 25)) "DISK_THM")
    ("%0%2%8%9%41%47$1$0b3$1$0b2B86|U53|U52$1$3B99$2@$0$3B99$2@B86B86|U58|U58|U69|U68"))
   (64 (((19 29) (3 14 25 26 52 134 137) (19 28)) "DISK_THM")
    ("%10%41%44$1$0b2$2$0B125B86|U52$1$0B125B86|U52|U57"))
   (65 (((19 30) (3 14 25 26 52 134 137) (19 28)) "DISK_THM")
    ("%35%10%41%44$1$0b2$2$0b3B86|U52$1$0b2B86|U52|U57%16%19$1$0B125$1$0b2B86|U52|U57B86|U64"))
   (66 (((19 31) (3 14 25 26 52 134 137) (19 28)) "DISK_THM")
    ("%35%10%41%44$1$0b2$2$0B125$2$0b3B72B86|U52$1$0b2B86|U52|U57%16%19$1$0B125$1$0b2B86|U52|U57B86|U64"))
   (67 (((19 32) (3 14 25 26 52 134 137) (19 28)) "DISK_THM")
    ("%16%19$1$0B125%44$1$0b2$2$0B125B86|U52B77|U52|U57"))
   (68 (((19 34) (3 14 25 26 52 132 133 138) (19 33)) "DISK_THM")
    ("%10%41$1$0B122U126$1$0B114$0@B86|U52%41%46%50$2$1b3$3$1B114$0@B72$3$2B114$0@B86|U52|U52|U52B72|U57"))
   (69 (((19 35) (3 14 25 26 52 132 133 138) (19 33)) "DISK_THM")
    ("%10%23%41$2$0B122U126$0$0b1B86|U52%41%46%50$2$1b4$1$0b3B72$2$0b3B86|U52|U52|U52B72%15%19$3$1B114$0@$1$0b2B86|U52|U52B86|U57|U57"))
   (70 (((19 36) (3 14 25 26 52 132 133 138) (19 33)) "DISK_THM")
    ("%10%23%41$2$0B122U126$0$0b1B86|U52%41%46%50$2$1b4$4$1B114$0@$1$0b3B72B72$2$0b3B86|U52|U52|U52B72%15%19$3$1B114$0@$1$0b2B86|U52|U52B86|U57|U57"))
   (71 (((19 37) (3 14 25 26 52 132 133 138) (19 33)) "DISK_THM")
    ("%10%15%19$2$1B114$0@$0$1B75$2$1B122U126B72%46$2$0b3$3$0B114$1@B72|U87B111B77|U52|U52|U57"))
   (72
    (((19 39) (3 14 25 26 27 50 52 53 55 57 62 71 104 124 132 133 138 169)
      (76 1 3 5 6 7 11 13 14 15 17 18 19 20 23) (19 16 17 33 36))
     "DISK_THM") ("%10$0U115$0U114U115B86|U57"))
   (73
    (((19 40) (3 2 14 15 25 26 52 53 57 62 72 73 74 83 132 133 138)
      (76 1 3 5 6 7 11 12 13 14 15 17 18) (19 16 33)) "DISK_THM")
    ("%41%46$1$0B10U126|U52%10$0B114$0@B86|U52"))
   (74
    (((19 42) (3 2 15 25 26 52 53 57 62 73 83)
      (76 1 3 5 6 7 11 12 13 14 15 17 18) (19 38 41)) "DISK_THM")
    ("%10%41$1$0B117$1U115$1$0B125B86B86|U52|U57"))))
 (incorporate (incorporate-types) incorporate-consts ("terminatesOn" . 24)
  ("stepFunction" . 99) ("reducible" . 98) ("rcomp" . 97)
  ("nth_error" . 90) ("normalizes" . 24) ("functional" . 33)
  ("evaluates" . 66) ("computable" . 33) ("classical" . 33)
  ("Forall2" . 10) ("Forall" . 62))
 (thm-classes nil (43 38 39 34 40 32 31 44 45 46 35)
  (47 48 36 49 50 51 52 53 54 55 56 57 58 59 60 61 62 63 64 65 66 67 68 69
   70 71 72 73 74))
 (loadable-thydata
  ("rule_induction.deltas" (tag-knm 19 . 55) (tag-knm 19 . 61)
   (tag-knm 19 . 66) (tag-knm 19 . 70))
  ("grammardelta" (OO "nth_error" (tag-tm . "%118"))
   (OO "Forall" (tag-tm . "%97")) (OO "rcomp" (tag-tm . "%121"))
   (OO "reducible" (tag-tm . "%123")) (OO "functional" (tag-tm . "%116"))
   (OO "stepFunction" (tag-tm . "%124"))
   (OO "computable" (tag-tm . "%113")) (OO "classical" (tag-tm . "%112"))
   (OO "Forall2" (tag-tm . "%99")) (OO "terminatesOn" (tag-tm . "%125"))
   (OO "evaluates" (tag-tm . "%114")) (OO "normalizes" (tag-tm . "%117")))
  ("compute" (tag-knm 19 . 36) (tag-knm 19 . 49) (tag-knm 19 . 38)
   (tag-knm 19 . 39) (tag-knm 19 . 34) (tag-knm 19 . 40) (tag-knm 19 . 32)
   (tag-knm 19 . 31) (tag-knm 19 . 35))))
